6876
2624
2500
6876
2624
2500
6876
2624
2500
6876
5124
0
6094
5124
782
4774
6444
782
4774
6444
782
6920
5080
0
6920
5080
0
6920
5080
0
6920
5080
0
2336
2664
0
2336
2664
0
2336
2664
0
2336
2664
0
2336
2664
0
2336
2664
0
2336
2664
0
2336
2664
0
2336
2664
0
2336
2664
0
2336
2664
0
2336
2664
0
2336
2664
0
2336
2664
0
2336
2664
0
0
0
3000
0
18
2982
2532
18
450
2532
18
450
0
0
3000
0
0
3000
0
0
3000
0
0
3000
0
0
3000
0
0
3000
0
0
3000
0
0
3000
0
0
3000
0
0
3000
0
0
3000
0
0
3000
0
0
3000
7280
1662
1058
7280
1662
1058
7280
1662
1058
7280
1662
1058
7280
1662
1058
7280
1662
1058
7280
1662
1058
7280
1662
1058
7280
1662
1058
7280
1662
1058
7280
1662
1058
1327
3873
0
1327
3873
0
1327
3873
0
1327
3873
0
1327
3873
0
1327
3873
0
1327
3873
0
1327
3873
0
1327
3873
0
1327
3873
0
1327
3873
0
1327
3873
0
1327
3873
0
1327
3873
0
1327
3873
0
639
1431
2430
639
1431
2430
639
1431
2430
639
1431
2430
639
1431
2430
639
1431
2430
639
1431
2430
639
1431
2430
639
1431
2430
639
1431
2430
639
1431
2430
639
1431
2430
639
1431
2430
639
1431
2430
639
1431
2430
639
1431
2430
639
1431
2430
4974
2467
1059
4974
2467
1059
4974
2467
1059
4974
2467
1059
4974
2467
1059
4974
2467
1059
4974
2467
1059
4974
2467
1059
4974
2467
1059
4974
2467
1059
4974
2467
1059
2213
3187
0
2213
3187
0
2213
3187
0
2213
3187
0
2213
3187
0
2213
3187
0
2213
3187
0
2213
3187
0
2213
3187
0
2213
3187
0
2213
3187
0
2213
3187
0
2213
3187
0
2213
3187
0
2213
3187
0
3127
1431
2442
3127
1431
2442
3127
1431
2442
3127
1431
2442
3127
1431
2442
3127
1431
2442
3127
1431
2442
3127
1431
2442
3127
1431
2442
3127
1431
2442
3127
1431
2442
3127
1431
2442
3127
1431
2442
3127
1431
2442
3127
1431
2442
3127
1431
2442
3127
1431
2442
4302
2139
1059
4302
2139
1059
4302
2139
1059
4302
2139
1059
4302
2139
1059
4302
2139
1059
4302
2139
1059
4302
2139
1059
4302
2139
1059
4302
2139
1059
4302
2139
1059
1763
3837
0
1763
3837
0
1763
3837
0
1763
3837
0
1763
3837
0
1763
3837
0
1763
3837
0
1763
3837
0
1763
3837
0
1763
3837
0
1763
3837
0
1763
3837
0
1763
3837
0
1763
3837
0
1763
3837
0
4360
928
2712
4360
928
2712
4360
928
2712
4360
928
2712
4360
928
2712
4360
928
2712
4360
928
2712
4360
928
2712
4360
928
2712
4360
928
2712
4360
928
2712
4360
928
2712
4360
928
2712
4360
928
2712
4360
928
2712
4360
928
2712
4360
928
2712
4302
1698
0
4302
1698
0
4302
1698
0
4302
1698
0
4302
1698
0
4302
1698
0
4302
1698
0
4302
1698
0
4302
1698
0
4302
1698
0
4302
1698
0
3012
2988
0
3012
2988
0
3012
2988
0
3012
2988
0
3012
2988
0
3012
2988
0
3012
2988
0
3012
2988
0
3012
2988
0
3012
2988
0
3012
2988
0
3012
2988
0
3012
2988
0
3012
2988
0
3012
2988
0
2109
3168
3723
2109
3168
3723
2109
3168
3723
2109
3168
3723
2109
3168
3723
2109
3168
3723
2109
3168
3723
2109
3168
3723
2109
3168
3723
2109
3168
3723
2109
3168
3723
2109
3168
3723
2109
3168
3723
2109
3168
3723
2109
3168
3723
2109
3168
3723
2109
3168
3723
3034
908
1058
3034
908
1058
3034
908
1058
3034
908
1058
3034
908
1058
3034
908
1058
3034
908
1058
3034
908
1058
3034
908
1058
3034
908
1058
3034
908
1058
2602
3898
0
2602
3898
0
2602
3898
0
2602
3898
0
2602
3898
0
2602
3898
0
2602
3898
0
2602
3898
0
2602
3898
0
2602
3898
0
2602
3898
0
2602
3898
0
2602
3898
0
2602
3898
0
2602
3898
0
4357
3168
3475
4357
3168
3475
4357
3168
3475
4357
3168
3475
4357
3168
3475
4357
3168
3475
4357
3168
3475
4357
3168
3475
4357
3168
3475
4357
3168
3475
4357
3168
3475
4357
3168
3475
4357
3168
3475
4357
3168
3475
4357
3168
3475
4357
3168
3475
4357
3168
3475
525
2425
1050
525
2425
1050
525
2425
1050
525
2425
1050
525
2425
1050
525
2425
1050
525
2425
1050
525
2425
1050
525
2425
1050
525
2425
1050
525
2425
1050
5628
1372
0
5628
1372
0
5628
1372
0
5628
1372
0
5628
1372
0
5628
1372
0
5628
1372
0
5628
1372
0
5628
1372
0
5628
1372
0
5628
1372
0
5628
1372
0
5628
1372
0
5628
1372
0
5628
1372
0
5281
4043
3676
5281
4043
3676
5281
4043
3676
5281
4043
3676
5281
4043
3676
5281
4043
3676
5281
4043
3676
5281
4043
3676
5281
4043
3676
5281
4043
3676
5281
4043
3676
5281
4043
3676
5281
4043
3676
5281
4043
3676
5281
4043
3676
5281
4043
3676
5281
4043
3676
0
942
1058
0
942
1058
0
942
1058
0
942
1058
0
942
1058
0
942
1058
0
942
1058
0
942
1058
0
942
1058
0
942
1058
0
942
1058
6049
1451
0
6049
1451
0
6049
1451
0
6049
1451
0
6049
1451
0
6049
1451
0
6049
1451
0
6049
1451
0
6049
1451
0
6049
1451
0
6049
1451
0
6049
1451
0
6049
1451
0
6049
1451
0
6049
1451
0
5527
6712
3761
5527
6712
3761
5527
6712
3761
5527
6712
3761
5527
6712
3761
5527
6712
3761
5527
6712
3761
5527
6712
3761
5527
6712
3761
5527
6712
3761
5527
6712
3761
5527
6712
3761
5527
6712
3761
5527
6712
3761
5527
6712
3761
5527
6712
3761
5527
6712
3761
